0.000000 1.000000 -10.000000
0.010000 0.880064 -9.423726
0.020000 0.760512 -8.848377
0.030000 0.641728 -8.274880
0.040000 0.524096 -7.704160
0.050000 0.408000 -7.137143
0.060000 0.293824 -6.574754
0.070000 0.181952 -6.017920
0.080000 0.072768 -5.467566
0.090000 -0.033344 -4.924617
0.100000 -0.136000 -4.390000
0.110000 -0.234816 -3.864640
0.120000 -0.329408 -3.349463
0.130000 -0.419392 -2.845394
0.140000 -0.504384 -2.353360
0.150000 -0.584000 -1.874286
0.160000 -0.657856 -1.409097
0.170000 -0.725568 -0.958720
0.180000 -0.786752 -0.524080
0.190000 -0.841024 -0.106103
0.200000 -0.888000 0.294286
0.210000 -0.927296 0.676160
0.220000 -0.958528 1.038594
0.230000 -0.981312 1.380663
0.240000 -0.995264 1.701440
0.250000 -1.000000 2.000000
0.260000 -0.995264 2.275703
0.270000 -0.981312 2.529051
0.280000 -0.958528 2.760834
0.290000 -0.927296 2.971840
0.300000 -0.888000 3.162857
0.310000 -0.841024 3.334674
0.320000 -0.786752 3.488080
0.330000 -0.725568 3.623863
0.340000 -0.657856 3.742811
0.350000 -0.584000 3.845714
0.360000 -0.504384 3.933360
0.370000 -0.419392 4.006537
0.380000 -0.329408 4.066034
0.390000 -0.234816 4.112640
0.400000 -0.136000 4.147143
0.410000 -0.033344 4.170331
0.420000 0.072768 4.182994
0.430000 0.181952 4.185920
0.440000 0.293824 4.179897
0.450000 0.408000 4.165714
0.460000 0.524096 4.144160
0.470000 0.641728 4.116023
0.480000 0.760512 4.082091
0.490000 0.880064 4.043154
0.500000 1.000000 4.000000
0.510000 1.120000 3.953362
0.520000 1.240000 3.903755
0.530000 1.360000 3.851639
0.540000 1.480000 3.797472
0.550000 1.600000 3.741714
0.560000 1.720000 3.684825
0.570000 1.840000 3.627264
0.580000 1.960000 3.569490
0.590000 2.080000 3.511963
0.600000 2.200000 3.455143
0.610000 2.320000 3.399488
0.620000 2.440000 3.345458
0.630000 2.560000 3.293513
0.640000 2.680000 3.244112
0.650000 2.800000 3.197714
0.660000 2.920000 3.154779
0.670000 3.040000 3.115767
0.680000 3.160000 3.081136
0.690000 3.280000 3.051346
0.700000 3.400000 3.026857
0.710000 3.520000 3.008128
0.720000 3.640000 2.995618
0.730000 3.760000 2.989787
0.740000 3.880000 2.991095
0.750000 4.000000 3.000000
0.760000 4.120000 3.016832
0.770000 4.240000 3.041399
0.780000 4.360000 3.073378
0.790000 4.480000 3.112448
0.800000 4.600000 3.158286
0.810000 4.720000 3.210569
0.820000 4.840000 3.268976
0.830000 4.960000 3.333184
0.840000 5.080000 3.402871
0.850000 5.200000 3.477714
0.860000 5.320000 3.557392
0.870000 5.440000 3.641582
0.880000 5.560000 3.729961
0.890000 5.680000 3.822208
0.900000 5.800000 3.918000
0.910000 5.920000 4.017015
0.920000 6.040000 4.118930
0.930000 6.160000 4.223424
0.940000 6.280000 4.330174
0.950000 6.400000 4.438857
0.960000 6.520000 4.549152
0.970000 6.640000 4.660736
0.980000 6.760000 4.773287
0.990000 6.880000 4.886482
1.000000 7.000000 5.000000
